56
75
56
83
68
63
59
20
15
5
15
71
29
32
96
99
13
84
70
94
30
99
84
79
44
24
36
54
76
33
51
63
73
15
65
55
56
50
17
22
26
9
82
8
46
24
43
33
57
7
22
45
73
9
8
59
90
16
7
39
42
90
39
26
33
34
14
23
2
64
56
97
26
36
28
56
75
65
98
7
4
98
40
51
3
16
51
98
56
13
56
54
94
4
98
48
18
44
80
73
44
100
71
37
11
73
8
91
61
83
64
17
37
59
89
24
31
33
23
68
67
71
68
20
22
99
7
33
89
25
100
49
87
33
68
14
3
13
74
0
47
45
50
57
39
10
73
89
76
19
11
17
61
79
89
17
98
41
46
48
87
22
7
7
4
55
52
77
98
37
10
31
8
33
5
66
2
94
37
21
15
17
2
53
6
92
96
15
5
47
33
62
22
90
7
18
87
2
5
59
88
8
60
18
55
44
92
24
69
78
83
64
89
74
83
5
74
83
71
86
34
46
78
78
96
100
15
48
1
70
96
53
100
66
21
90
27
5
0
51
49
35
90
18
62
67
73
92
83
28
92
48
90
63
43
11
9
98
40
92
20
75
72
77
33
52
5
30
97
97
73
56
80
73
92
41
25
46
98
28
9
50
13
18
27
28
23
60
54
18
96
28
86
39
58
36
14
99
70
71
19
1
88
25
41
30
87
85
79
83
19
1
70
10
44
32
48
44
45
48
48
56
24
50
40
72
71
29
51
100
36
42
7
62
65
90
64
43
69
12
46
3
11
66
59
81
82
68
39
8
94
37
72
85
54
50
63
82
1
68
73
65
58
61
79
21
31
2
20
64
0
22
89
92
29
20
37
86
28
41
62
62
11
10
11
41
55
83
8
95
80
74
39
56
72
39
17
49
26
94
3
21
30
44
68
12
22
90
67
21
13
5
94
24
93
82
46
27
72
57
48
16
80
1
93
46
95
58
93
45
26
67
34
34
88
81
19
37
68
12
2
89
93
58
98
27
71
54
52
58
59
59
6
85
5
62
82
20
5
8
17
96
19
7
46
97
96
53
4
90
57
99
61
59
15
77
16
60
38
31
16
50
83
76
49
1
77
3
40
11
84
87
57
42
41
0
67
21
52
58
99
63
0
98
43
98
41
35
54
85
70
78
32
47
28
26
57
96
74
70
57
28
11
24
23
4
62
27
80
13
2
31
72
51
47
4
42
43
57
83
80
30
95
41
74
78
80
8
10
25
74
75
70
58
14
12
16
42
36
6
16
45
10
56
28
91
58
71
30
52
7
65
89
89
89
10
46
32
98
36
46
80
9
52
21
41
68
87
4
11
100
1
24
91
18
38
44
14
29
90
34
63
27
82
25
92
2
8
94
26
76
85
73
24
35
65
38
34
64
76
37
91
56
92
3
86
44
69
60
16
5
87
57
24
20
81
52
17
83
90
0
51
24
26
1
4
100
16
70
15
50
82
24
2
66
64
53
33
34
48
74
61
3
81
22
83
40
88
21
16
98
70
65
24
65
44
1
98
30
50
86
91
32
17
69
68
34
3
75
86
79
60
24
36
24
26
93
56
21
48
91
67
81
31
55
8
89
64
62
57
93
28
98
35
41
10
85
97
45
76
4
40
92
19
66
90
18
15
18
42
39
23
74
14
92
13
41
74
63
36
64
70
99
60
75
27
1
1
24
0
97
65
89
56
50
94
16
32
32
31
89
12
21
48
4
43
11
95
83
95
55
3
72
8
50
74
84
29
33
70
55
17
46
83
53
1
31
96
80
99
44
67
15
4
58
32
99
26
74
59
14
21
15
49
9
91
92
39
53
90
17
56
92
93
23
59
65
0
73
28
81
10
45
55
52
100
66
89
31
45
86
70
27
56
50
23
65
6
54
41
67
28
30
19
62
24
81
1
2
13
34
58
52
89
10
98
76
71
6
84
14
26
79
81
18
31
98
99
31
16
87
26
8
68
70
45
73
52
62
45
30
66
19
71
14
4
20
78
74
7
3
68
19
4
34
17
20
98
14
29
82
18
51
4
76
92
95
57
72
64
90
29
43
30
53
38
20
89
96
33
97
52
44
36
34
70
97
48
21
44
30
36
55
54
8
62
78
43
17
91
74
11
44
33
14
83
1
16
27
30
94
12
43
7
76
69
64
17
82
12
48
1
66
3
32
10
3
22
61
17
67
64
26
53
68
78
56
36
4
28
59
13
11
63
46
60
22
61
38
77
61
24
11
99
100
24
24
99
67
54
92
100
87
33
59
67
50
45
39
33
44
50
34
38
13
32
96
8
97
74
59
3
97
37
86
13
91
100
27
36
85
99
3
52
64
28
46
19
78
36
27
36
14
74
17
77
79
33
52
66
36
12
18
93
82
57
39
39
89
23
8
59
23
69
63
94
54
67
91
48
68
41
40
44
40
8
34
21
59
60
46
78
27
77
23
19
45
35
83
78
63
71
0
72
83
39
99
52
11
12
47
94
22
19
67
15
65
97
11
60
96
65
85
8
20
79
68
65
77
95
85
54
82
55
98
75
78
10
83
79
49
82
35
44
79
61
1
39
72
29
14
48
86
16
52
11
6
43
33
35
99
90
82
9
56
14
83
52
7
59
50
5
31
22
26
0
9
15
0
52
54
10
41
40
62
27
59
99
16
32
39
41
54
65
87
1
51
4
96
65
90
99
93
57
97
87
21
18
39
73
93
76
93
60
48
87
33
22
67
34
41
79
60
64
99
60
21
74
7
82
2
50
50
21
98
81
87
95
100
72
71
50
80
19
89
57
33
15
98
42
74
50
14
93
54
74
27
35
89
30
65
97
0
23
12
96
26
91
68
32
93
56
75
27
57
49
96
95
49
57
19
96
44
94
51
36
27
19
84
80
65
81
47
45
55
9
35
98
1
100
21
44
99
85
84
49
20
50
71
73
75
46
48
5
61
63
44
68
42
95
52
9
90
93
100
90
14
19
27
2
6
2
0
85
17
60
8
53
31
19
71
1
19
37
97
7
83
72
82
30
95
1
68
44
92
14
13
53
84
26
1
19
51
35
52
6
62
62
35
57
96
25
63
9
75
27
93
76
37
4
97
62
70
36
59
8
38
5
1
95
41
11
71
2
95
34
73
64
24
16
17
5
13
25
33
34
50
30
30
98
80
64
96
1
100
66
89
83
12
37
65
80
22
41
32
56
28
63
61
33
15
53
92
80
92
19
62
79
44
52
61
13
80
13
29
36
94
28
97
43
63
57
40
19
7
92
9
4
78
34
38
70
97
36
39
66
36
95
59
49
59
90
38
39
54
8
66
78
53
92
100
74
37
77
78
35
4
0
90
54
39
46
3
85
79
20
18
85
15
71
87
63
6
65
55
48
18
92
76
61
74
98
55
85
57
80
24
39
48
24
53
71
66
0
15
67
20
77
71
12
54
9
95
3
5
72
54
41
21
78
90
55
39
39
66
62
44
79
8
27
87
65
62
96
24
7
16
76
94
79
63
32
72
14
94
42
3
40
27
74
65
63
99
1
76
84
97
86
86
38
37
61
13
69
13
84
95
79
7
29
1
98
2
40
25
35
83
12
6
4
10
37
67
98
61
73
23
30
80
20
95
8
79
90
1
57
78
18
75
59
10
49
83
51
93
55
18
66
50
14
14
54
77
98
89
14
82
49
68
85
54
33
58
24
38
5
66
67
1
82
6
25
73
43
94
61
96
42
54
37
16
71
42
93
62
58
32
51
4
16
64
59
34
59
23
18
49
28
72
83
74
94
92
23
95
8
100
34
93
74
55
40
67
15
77
80
40
13
64
67
2
54
77
63
14
54
14
24
50
91
72
88
40
76
69
60
31
36
64
82
29
81
23
51
49
96
52
43
46
14
11
81
59
39
49
53
57
97
3
39
54
62
11
66
24
94
83
15
53
7
63
69
53
62
71
47
26
84
29
42
15
8
60
40
2
45
29
69
0
48
52
67
35
63
48
60
67
77
77
70
16
91
75
99
69
55
53
22
34
25
22
42
19
16
51
45
34
17
49
33
34
89
46
92
64
58
54
82
92
92
12
49
83
96
57
87
88
39
78
32
92
98
42
97
0
16
73
36
82
46
94
65
74
82
61
1
4
32
6
70
3
90
48
53
63
26
30
47
59
88
81
31
83
13
69
6
78
35
62
1
9
53
100
97
28
82
88
99
98
86
37
46
5
41
9
35
59
29
22
67
35
25
9
88
19
26
51
99
24
39
66
18
51
73
3
0
66
69
96
71
51
83
85
9
81
54
81
2
13
34
76
17
75
72
5
40
17
48
3
6
68
45
40
47
68
78
82
55
48
93
75
78
5
71
18
97
32
94
99
31
85
100
99
97
24
16
69
39
20
43
64
35
77
53
81
18
39
2
17
49
92
12
67
67
30
96
100
54
16
31
27
66
87
37
94
4
66
47
49
4
22
93
72
100
28
100
89
85
56
11
86
34
22
45
99
0
30
28
5
67
67
63
66
32
5
56
4
48
34
51
14
83
22
69
48
78
26
43
1
60
35
61
30
38
36
73
31
53
82
9
33
34
89
54
74
48
0
8
51
51
89
61
20
39
73
21
0
40
14
92
61
85
94
78
66
34
84
65
60
9
40
38
91
12
91
88
67
33
17
22
64
53
69
7
56
75
51
65
21
60
92
99
78
85
7
63
5
34
87
90
91
76
94
88
74
93
5
65
94
53
58
15
84
49
5
58
91
78
68
13
15
27
60
41
65
92
12
78
98
6
90
2
60
55
6
27
99
77
43
20
10
33
23
38
96
60
31
52
24
65
32
89
51
52
46
59
39
90
64
22
42
86
65
100
37
31
7
2
79
36
59
53
77
38
86
22
91
32
97
30
42
59
14
69
45
0
84
45
89
11
27
96
44
66
62
8
44
27
17
57
66
61
96
68
86
53
25
85
29
0
57
52
16
63
66
9
68
19
39
62
3
41
22
81
98
30
9
12
42
28
2
82
100
84
72
36
71
0
2
21
32
93
40
86
61
27
42
18
51
65
63
45
51
31
89
51
29
88
54
41
45
84
45
32
80
5
77
64
24
20
100
12
77
57
70
76
80
87
10
82
11
12
52
3
72
58
83
60
93
53
25
40
37
7
75
45
28
96
9
20
55
23
47
76
48
93
81
51
99
46
0
60
84
44
68
95
52
88
27
54
25
29
5
94
76
58
4
26
67
86
61
28
17
73
72
91
32
78
58
53
14
19
34
36
96
46
4
73
56
79
88
41
89
73
18
61
100
16
11
97
77
6
73
60
32
5
90
8
32
30
88
90
50
43
63
85
59
18
43
10
1
76
35
44
5
84
97
79
23
39
5
46
88
63
41
88
23
20
12
75
92
33
16
25
1
68
23
42
67
67
86
94
23
27
8
73
14
23
29
97
10
83
53
49
38
6
59
5
56
60
77
27
71
98
9
84
35
37
70
92
36
28
55
87
51
95
56
91
16
83
21
80
57
100
59
80
6
9
71
85
33
5
86
9
37
78
48
60
20
39
47
83
60
21
53
41
72
59
17
96
17
52
44
22
55
38
20
99
77
52
75
46
75
95
99
94
68
36
45
77
60
9
13
33
74
96
35
2
44
79
45
88
13
33
50
84
4
53
85
0
0
36
56
50
34
48
37
17
39
24
79
49
67
13
12
65
67
37
76
3
27
51
99
32
82
53
49
2
70
41
85
64
10
38
11
36
99
23
12
69
95
41
53
32
73
73
41
19
93
76
5
48
96
53
51
67
83
34
58
43
15
34
30
37
51
67
39
31
54
82
58
80
26
51
77
3
50
74
19
11
10
9
15
46
1
24
100
1
60
82
64
10
89
15
49
47
90
55
8
57
2
36
25
64
6
67
71
97
53
93
47
2
82
33
32
48
25
55
20
74
26
36
41
0
16
12
92
60
97
21
79
38
76
24
83
42
1
1
24
4
91
26
95
23
67
28
24
23
6
22
58
54
74
5
71
16
9
28
76
18
55
40
46
99
8
57
6
3
3
83
73
37
11
12
25
3
8
40
78
76
89
35
31
38
5
37
89
29
56
47
60
1
46
68
19
66
100
26
12
49
30
34
11
12
43
50
64
50
17
53
40
61
92
16
38
68
97
99
0
26
85
8
72
31
33
92
22
99
35
94
15
54
97
25
42
94
28
18
51
85
12
67
32
89
23
65
79
94
36
57
18
75
15
52
16
63
13
60
52
53
3
92
58
98
74
42
32
72
36
94
3
74
92
23
98
17
82
96
39
72
35
11
12
13
46
4
41
24
82
34
67
40
0
19
66
13
57
8
41
64
8
18
17
84
97
2
14
30
34
17
63
100
50
56
100
48
100
73
60
75
81
100
66
50
28
79
12
18
23
53
24
4
47
83
59
96
35
9
12
46
25
92
18
23
34
88
30
13
5
64
19
47
34
14
33
9
86
3
71
50
94
57
5
1
65
57
58
40
70
93
58
42
90
28
20
47
44
54
37
11
33
62
28
64
46
65
29
68
52
31
11
52
23
94
83
90
25
65
53
99
31
85
74
11
18
25
80
13
4
7
9
72
66
61
38
86
97
19
59
13
57
38
20
40
55
33
25
28
94
73
75
49
91
8
59
23
84
60
65
92
22
0
44
95
33
77
39
60
78
55
52
26
54
38
59
77
82
49
84
80
52
94
83
23
60
82
44
32
37
72
80
63
40
24
47
51
73
32
49
1
69
85
13
86
41
92
16
30
23
88
95
35
36
3
76
34
25
37
13
90
